# Temperature, Energy per spin, Energy error, |Magnetization| per spin, |Magnetization| error, Specific heat per spin, Magnetic susceptibility per spin
0.100000 -2.000000 0.000000 1.000000 0.000000 0.000000 0.000000
0.200000 -2.000000 0.000000 1.000000 0.000000 0.000000 0.000000
0.300000 -2.000000 0.000000 1.000000 0.000000 0.000000 0.000000
0.400000 -2.000000 0.000000 1.000000 0.000000 0.000000 0.000000
0.500000 -1.999997 0.000002 0.999999 0.000001 0.000100 0.000003
0.600000 -1.999991 0.000004 0.999998 0.000001 0.000208 0.000008
0.700000 -1.999902 0.000012 0.999975 0.000003 0.001594 0.000072
0.800000 -1.999603 0.000025 0.999900 0.000006 0.005080 0.000261
0.900000 -1.998898 0.000042 0.999721 0.000011 0.010906 0.000639
1.000000 -1.997230 0.000065 0.999293 0.000017 0.021941 0.001466
1.100000 -1.994156 0.000098 0.998494 0.000026 0.040971 0.003114
1.200000 -1.988431 0.000139 0.996982 0.000038 0.069038 0.006026
1.300000 -1.980254 0.000179 0.994775 0.000049 0.097137 0.009644
1.400000 -1.968133 0.000236 0.991408 0.000068 0.145675 0.016926
1.500000 -1.950716 0.000296 0.986400 0.000090 0.199267 0.027402
1.600000 -1.928150 0.000363 0.979582 0.000117 0.263627 0.043753
1.700000 -1.897434 0.000441 0.969889 0.000153 0.345078 0.070349
1.800000 -1.859921 0.000519 0.957094 0.000195 0.426436 0.108516
1.900000 -1.809674 0.000623 0.938174 0.000270 0.549820 0.196247
2.000000 -1.745388 0.000756 0.911904 0.000373 0.732255 0.355505
2.100000 -1.662870 0.000908 0.869737 0.000591 0.956366 0.852012
2.200000 -1.552499 0.001128 0.793717 0.001210 1.345882 3.409779
2.300000 -1.380208 0.001390 0.584998 0.008469 1.869548 159.654908
2.400000 -1.213440 0.001208 0.322779 0.005319 1.296540 60.360561
2.500000 -1.109309 0.001043 0.202468 0.003491 0.891955 24.953621
2.600000 -1.029602 0.000952 0.150806 0.002646 0.686037 13.784545
2.700000 -0.963416 0.000923 0.125589 0.002205 0.598696 9.220102
2.800000 -0.908902 0.000907 0.108173 0.001916 0.537287 6.711615
2.900000 -0.859450 0.000873 0.094970 0.001679 0.464413 4.976796
2.000000 -1.747249 0.000748 0.912479 0.000371 0.715509 0.353062
2.020000 -1.732269 0.000757 0.905843 0.000391 0.719769 0.388315
2.040000 -1.714688 0.000817 0.896657 0.000496 0.820337 0.618391
2.060000 -1.700523 0.000823 0.889600 0.000483 0.817634 0.578654
2.080000 -1.679225 0.000880 0.878346 0.000566 0.915565 0.787398
2.100000 -1.660519 0.000908 0.866700 0.000625 0.957934 0.953438
2.120000 -1.642567 0.000943 0.857991 0.000652 1.013524 1.025677
2.140000 -1.618195 0.001009 0.840129 0.000884 1.138169 1.868735
2.160000 -1.596402 0.001055 0.823903 0.001088 1.220846 2.805611
2.180000 -1.567384 0.001130 0.797498 0.010260 1.374987 247.251545
2.200000 -1.554477 0.001098 0.799272 0.001026 1.276135 2.452200
2.220000 -1.519127 0.001232 0.753059 0.002024 1.577818 9.446662
2.240000 -1.479223 0.001306 0.703405 0.008838 1.740470 178.548050
2.260000 -1.444973 0.001337 0.664643 0.009215 1.792694 192.392226
2.280000 -1.420590 0.001342 0.646305 0.008877 1.774326 176.937757
2.320000 -1.337930 0.001381 0.512806 0.007442 1.813567 122.237494
2.340000 -1.309907 0.001374 0.471779 0.007332 1.764885 117.633424
2.360000 -1.275333 0.001350 0.417647 0.006617 1.675029 94.985035
2.380000 -1.241025 0.001242 0.358275 0.005539 1.394604 66.008500
2.420000 -1.185570 0.001145 0.280760 0.004679 1.147026 46.314636
2.440000 -1.166698 0.001114 0.261887 0.004399 1.066811 40.611484
2.460000 -1.146357 0.001094 0.236022 0.004024 1.013155 33.707473
2.480000 -1.121862 0.001050 0.202251 0.003512 0.917624 25.467328
